11111101111110111110
11011110111011011111
11101111011111101111
11111011110111111011
01111011111011111101
10110101111101110110
11011110110111101111
11111011101111011101
11110111011110111111
10101111101011110111
11011101111101111011
11111011101110110101
01110111011101101110
11101110111011011111
11011101110111111011
11111011101111110110
01110111101110111101
10111110111011011111
11011111011111101011
11101111101101110111
11111101111110111110
11011110111011011111
11101111011111101111
11111011110111111011
01111011111011111101
10110101111101110110
11011110110111101111
11111011101111011101
11110111011110111111
10101111101011110111
11011101111101111011
11111011101110110101
01110111011101101110
11101110111011011111
11011101110111111011
10111011101111110110
11110111101110111101
11011110111011011111
11011111011111101011
11101111101101110111
